<< --- 2D STRESS ANALYSIS USING QUAD --- >>
COARSE MESH WITH 20 elements
<< NN NE NM NDIM NEN NDN >>
33 20 1 2 4 2
<< ND NL NMPC >>
6 1 0
<< Node# Coordinates >>
1 0.000000 0.000000
2 0.000000 0.005000
3 0.000000 0.010000
4 0.010000 0.000000
5 0.010000 0.005000
6 0.010000 0.010000
7 0.020000 0.000000
8 0.020000 0.005000
9 0.020000 0.010000
10 0.030000 0.000000
11 0.030000 0.005000
12 0.030000 0.010000
13 0.040000 0.000000
14 0.040000 0.005000
15 0.040000 0.010000
16 0.050000 0.000000
17 0.050000 0.005000
18 0.050000 0.010000
19 0.060000 0.000000
20 0.060000 0.005000
21 0.060000 0.010000
22 0.070000 0.000000
23 0.070000 0.005000
24 0.070000 0.010000
25 0.080000 0.000000
26 0.080000 0.005000
27 0.080000 0.010000
28 0.090000 0.000000
29 0.090000 0.005000
30 0.090000 0.010000
31 0.100000 0.000000
32 0.100000 0.005000
33 0.100000 0.010000
<< Elem# Nodes Mat# Thickness TempRise >>
1 1 4 5 2 1 1 0
2 2 5 6 3 1 1 0
3 4 7 8 5 1 1 0
4 5 8 9 6 1 1 0
5 7 10 11 8 1 1 0
6 8 11 12 9 1 1 0
7 10 13 14 11 1 1 0
8 11 14 15 12 1 1 0
9 13 16 17 14 1 1 0
10 14 17 18 15 1 1 0
11 16 19 20 17 1 1 0
12 17 20 21 18 1 1 0
13 19 22 23 20 1 1 0
14 20 23 24 21 1 1 0
15 22 25 26 23 1 1 0
16 23 26 27 24 1 1 0
17 25 28 29 26 1 1 0
18 26 29 30 27 1 1 0
19 28 31 32 29 1 1 0
20 29 32 33 30 1 1 0
<< DOF# Displacement >>
1 0
2 0
3 0
4 0
5 0
6 0
<< DOF# Load >>
66 -1000
<< MAT# E Nu Alpha >>
1 1E4 0.499 12E-6
B1 i B2 j B3 (Multi-point constr. B1*Qi+B2*Qj=B3)
